time,index_of_difficulty
0.93,1.41841
0.948,2.20271
0.874,3.86139
0.724,0.2348
0.914,3.085
1.14,3.28123
0.867,1.66428
0.908,2.7433
0.983,3.13135
0.796,3.50621
0.833,3.05144
0.937,4.37076
0.644,1.16989
0.706,2.65498
1.17,3.37075
1.175,2.62035
3.549,4.10468
1.041,4.36351
0.727,0.815613
0.976,2.35139
0.887,2.52744
0.981,3.39621
0.833,3.62181
1.025,3.83489
0.637,0.261554
0.72,2.18204
0.912,2.7795
1.146,3.78085
0.967,4.25015
1.07,2.76645
0.922,3.70795
1.027,3.47589
0.927,3.29923
0.756,3.77261
1.116,3.93674
1.314,4.24323
0.678,1.4652
0.815,2.07433
0.912,3.15695
1.065,3.63013
1.202,4.02057
1.384,4.22965
0.961,1.69579
1.081,2.72199
0.996,3.25674
1.212,3.08945
1.443,3.76084
0.952,4.3625
0.826,1.78046
0.911,2.73752
0.811,3.36361
1.049,3.7323
1.084,3.72346
1.685,4.32477
2.239,0.202634
3.367,2.78574
2.014,3.11
2.019,2.99657
3.267,4.1049
3.33,4.35816
1.514,0.157217
2.043,2.77834
3.319,2.98155
1.592,3.78303
1.663,2.51663
1.377,4.2697
1.176,1.45827
1.953,0.200283
5.051,2.35503
55.681,3.24478
2.059,3.76434
1.493,3.96555
1.886,4.29681
2.073,1.30668
3.208,2.48688
1.439,3.30214
2.99,3.63815
2.018,4.07995
1.857,3.62877
1.15,0.365675
2.928,2.77098
1.708,2.9845
1.708,2.9845
1.474,4.04847
2.767,3.27204
1.246,1.64477
1.281,2.58369
1.116,2.81149
1.551,3.73915
2.002,3.89933
1.98,4.33601
1.407,1.6795
1.515,2.73946
1.867,2.53122
1.225,3.7242
1.912,4.09478
1.903,4.3247
1.702,0.963625
2.411,1.83871
1.637,3.16105
1.487,3.78416
1.643,4.10255
2.231,3.87474
2.512,0.207943
1.361,1.18978
2.237,3.36927
1.807,2.92825
1.807,2.92825
1.82,4.20215
2.298,1.7812
1.741,2.07604
3.219,3.36754
1.648,3.64687
2.22,3.55937
1.668,4.35229
1.058,1.78573
1.362,1.91621
1.355,3.33499
1.355,3.33499
0.006,3.2396
0.006,3.2396
